function [x0,UB,LB]=newinitial

    x0=[rand*(-10)+rand*(10) rand*(-10)+rand*(10) rand*(-10)+rand*(10) rand*(-10)+rand*(10)  rand*(-10)+rand*(10) 1+rand*(2) 145+rand*10 200+rand*100 5 20 40 55 85 165 210 270 325];
    
    LB=[-50 -50 -50 -50 -50  -50  145 250  1  20 35 50 80 150 200 250 300];
    
    UB=[50 50  50  50  50 50 155 300 15 25 40 65 115 180 220 280 350];

end